((("writerow" .
   [1 0 0 0 0 0 0 0])
  ("w" .
   [3])
  ("headers" .
   [2 0 0 0 0 0 0])
  ("writer" .
   [1 0 0 0 0 1])
  ("new_row" .
   [2 0 0 0 0 0 0])
  ("join" .
   [1 0 0 0])
  ("col" .
   [2 0 0])
  ("app" .
   [2 0 0])
  ("r" .
   [4])
  ("encoding" .
   [1 0 0 1 0 0 0 0])
  ("f" .
   [3])
  ("reader" .
   [1 0 0 0 0 0])
  ("unichr" .
   [0 0 0 0 0 1])
  ("app_name" .
   [1 0 0 0 0 0 0 0])
  ("append" .
   [2 0 0 0 0 0])
  ("apps" .
   [2 0 0 0])
  ("row_index" .
   [2 0 0 0 0 0 0 0 0])
  ("value" .
   [1 0 0 0 0])
  ("row" .
   [8 0 0])
  ("cell" .
   [1 0 0 0])
  ("col_index" .
   [2 0 0 0 0 0 0 0 0])
  ("sheet_by_index" .
   [0 0 0 0 0 0 1 0 0 0 0 0 0 0])
  ("sheet" .
   [2 0 0 0 0])
  ("book" .
   [2 0 0 0])
  ("unicodecsv" .
   [3 0 0 0 0 0 0 0 0 0])
  ("open_workbook" .
   [0 0 0 0 0 0 0 1 0 1 0 0 0])
  ("xlrd" .
   [1 0 0 0])
  ("utf" .
   [1 0 0])
  ("coding" .
   [1 0 0 0 0 0])
  ("usr" .
   [1 0 0])
  ("hello" .
   [1 0 0 0 0])))
